239	-84	135
244	-84	126
258	-79	117
244	-77	135
233	-78	122
220	-88	117
198	-87	129
188	-88	130
169	-102	128
168	-97	122
197	-109	119
217	-122	104
226	-118	109
239	-121	112
222	-113	109
212	-115	111
203	-118	120
191	-108	122
183	-98	121
154	-99	124
125	-84	128
90	-72	114
60	-19	105
32	28	99
42	98	94
57	143	89
97	168	101
128	200	83
175	236	71
204	263	61
253	265	49
290	268	43
332	254	31
333	253	28
360	214	38
374	196	40
367	196	47
356	206	48
316	224	61
275	236	75
188	221	85
110	201	89
20	66	75
89	-118	68
128	-142	74
175	-162	68
208	-143	75
249	-129	102
281	-112	105
291	-92	115
284	-97	111
289	-85	111
311	-49	126
340	-20	111
372	22	107
358	80	95
353	109	112
294	187	100
232	212	103
197	219	96
146	200	96
109	184	110
74	144	101
57	99	109
44	58	96
43	27	98
48	-8	100
50	-31	93
61	-50	102
74	-56	103
99	-62	115
122	-55	122
123	-61	132
108	-48	118
68	-31	111
41	3	84
24	29	93
26	61	87
21	93	83
29	134	82
46	168	83
74	193	70
92	213	75
116	230	76
150	241	68
194	241	75
248	242	76
348	191	85
378	116	90
390	79	81
375	55	89
383	42	92
378	16	96
379	13	86
379	-3	77
374	-16	92
362	-37	105
329	-63	105
304	-84	108
222	-97	115
183	-105	99
153	-107	96
129	-113	100
117	-118	102
96	-101	91
68	-97	71
24	-97	35
-7	-79	18
-16	-79	-2
-16	-79	-2
-30	-86	-47
-34	-113	-80
-26	-128	-96
-12	-128	-101
14	-144	-87
28	-161	-92
51	-175	-94
63	-179	-74
88	-198	-67
104	-205	-49
135	-210	-40
186	-210	-29
231	-211	-8
254	-194	8
278	-189	20
307	-173	21
332	-156	45
346	-114	65
348	-70	72
353	-28	99
343	7	121
327	40	119
307	62	124
295	72	139
276	63	137
266	38	156
274	12	152
266	-3	136
265	-14	146
268	-10	138
265	-5	150
253	-14	146
253	-12	152
259	3	147
280	3	145
283	-5	157
288	-2	139
290	-16	139
295	-35	137
296	-29	138
292	-35	139
299	-40	135
292	-51	130
292	-51	130
288	-70	137
282	-76	142
283	-93	137
277	-85	131
276	-109	126
265	-107	117
262	-114	121
263	-122	113
266	-113	115
256	-113	122
268	-125	104
269	-121	114
273	-120	107
260	-121	105
254	-118	107
258	-123	105
246	-114	108
261	-115	107
253	-112	105
251	-112	103
259	-97	102
268	-111	113
267	-93	114
266	-85	115
276	-77	103
265	-77	117
267	-56	119
268	-57	129
271	-56	132
281	-56	126
276	-44	128
282	-38	124
274	-37	141
287	-29	136
275	-36	133
291	-45	131
274	-40	139
274	-51	135
284	-48	131
275	-57	129
265	-56	132
261	-64	122
261	-64	122
258	-68	132
259	-64	124
245	-62	118
267	-77	117
278	-77	117
299	-77	117
300	-71	104
314	-59	100
319	-66	107
327	-88	101
324	-85	91
314	-85	104
303	-97	107
287	-94	109
278	-93	117
273	-83	122
282	-85	115
281	-72	128
298	-52	124
311	-19	126
320	49	130
311	77	137
309	95	135
292	135	126
282	155	122
261	152	124
258	144	137
224	141	138
205	146	136
183	158	130
179	158	139
179	151	132
182	150	138
195	137	139
196	143	133
203	157	124
198	155	124
215	152	124
234	158	128
234	149	135
234	149	135
280	146	124
295	144	126
309	142	119
324	134	111
318	126	110
326	125	113
334	109	108
370	115	113
360	121	101
365	115	98
362	100	103
370	85	111
363	97	102
368	59	107
372	57	95
367	40	105
365	38	98
358	31	102
364	19	99
339	0	110
339	-23	114
336	-19	108
334	-23	112
334	-37	105
325	-47	108
325	-54	110
300	-62	122
302	-74	114
298	-73	118
287	-78	120
281	-79	128
269	-95	114
255	-107	110
241	-105	108
239	-102	117
238	-94	115
220	-98	135
226	-94	120
211	-84	128
187	-83	131
211	-68	132
204	-84	126
189	-85	122
174	-95	119
205	-113	113
183	-109	110
153	-107	112
147	-101	113
118	-81	114
110	-57	113
110	-66	115
122	-83	109
135	-91	103
140	-111	109
119	-92	102
90	-56	108
84	-47	103
74	-44	103
77	-35	105
70	-40	110
52	-27	100
32	-5	92
45	6	95
24	34	91
34	64	89
24	66	82
30	84	85
51	114	90
64	122	93
63	140	94
70	135	90
68	150	93
74	158	81
100	186	83
142	212	74
198	208	95
217	194	100
208	178	100
227	172	112
231	185	109
284	164	113
369	109	99
375	87	86
384	87	91
382	92	75
375	73	91
374	54	103
377	31	111
357	7	108
347	-34	102
326	-71	109
281	-77	114
259	-73	120
255	-72	132
283	-47	130
281	-37	144
306	-40	132
303	-27	129
313	-40	119
345	-13	109
346	-21	110
365	8	104
355	26	119
346	21	117
355	35	119
343	9	117
347	3	118
355	26	110
356	38	111
329	175	96
329	175	99
326	169	95
318	170	96
292	189	99
269	203	92
255	205	92
193	182	101
102	147	105
32	72	90
2	21	70
8	6	59
17	-20	68
38	-50	89
48	-45	89
60	-49	96
60	-56	92
53	-26	99
50	-13	102
46	0	96
43	6	93
26	30	94
45	41	98
26	42	90
20	52	77
15	69	77
22	78	82
15	132	68
23	114	81
34	111	86
37	88	99
31	71	80
23	84	78
35	77	85
39	44	96
90	49	128
95	26	121
92	-13	118
96	-38	115
142	-30	144
145	-8	140
162	23	141
145	52	147
138	111	131
191	197	104
313	156	105
327	144	99
340	155	95
313	205	67
299	237	58
370	162	71
370	92	80
349	64	111
338	31	115
316	9	126
335	6	109
332	19	126
331	17	104
328	24	124
310	45	129
327	49	117
339	58	121
334	58	119
336	79	114
314	108	118
287	136	124
268	148	120
238	159	113
190	179	112
160	151	128
107	114	130
80	83	118
72	81	114
63	88	110
92	111	113
121	140	121
191	162	115
270	134	131
298	104	124
328	66	115
355	42	110
360	26	108
349	22	111
354	38	124
355	68	99
346	109	112
320	123	123
255	168	117
195	177	123
129	146	118
78	99	120
66	62	111
58	72	112
55	80	104
61	94	100
82	132	109
124	159	100
203	201	100
314	171	102
341	119	99
361	71	95
375	57	93
385	40	92
378	23	96
379	17	102
375	17	89
364	54	92
358	99	98
289	173	109
178	166	115
106	125	118
71	101	107
68	94	111
176	182	110
277	166	115
324	134	107
347	78	111
372	43	98
367	21	92
369	16	101
367	14	92
372	8	102
361	10	100
343	16	114
313	5	123
305	22	129
280	13	131
262	14	139
271	33	135
276	35	148
283	40	139
302	51	130
327	68	123
348	72	110
361	78	104
365	85	104
356	104	104
320	130	110
292	163	112
275	176	111
259	183	118
233	187	118
189	180	107
145	152	124
109	123	128
115	111	133
66	57	120
57	36	120
57	36	120
68	1	111
84	-56	112
72	-58	105
73	-24	115
56	2	108
61	10	107
64	-22	113
74	-16	123
59	-8	111
81	-30	121
104	-65	119
164	-104	120
175	-92	133
205	-87	138
211	-65	139
196	-62	133
193	-65	135
218	-16	157
230	7	155
247	22	149
248	19	155
238	34	156
224	24	156
232	40	161
239	65	155
251	74	144
254	73	154
262	79	150
261	94	140
267	93	146
266	94	147
275	94	138
263	94	147
287	85	140
290	93	130
291	76	136
307	73	140
307	57	142
302	51	137
306	68	137
313	72	137
319	52	145
314	48	140
318	35	135
282	-6	145
260	-5	141
246	-16	148
225	-14	152
225	-12	157
223	-14	144
203	-6	145
203	-8	156
171	22	158
161	64	151
148	95	150
152	101	129
164	136	127
151	165	126
142	182	110
128	165	110
125	140	121
132	142	123
132	135	128
128	128	126
126	136	129
119	127	129
119	134	124
128	147	121
121	135	117
115	122	124
138	111	124
138	111	124
133	78	138
143	59	140
159	52	151
172	65	141
186	58	150
198	43	151
184	41	149
184	38	156
195	51	150
196	55	151
216	63	150
224	78	149
244	91	148
260	93	146
284	94	122
304	93	128
319	71	124
328	73	118
334	58	117
348	44	110
339	47	108
341	42	121
342	57	113
334	54	123
320	54	119
310	64	127
329	51	135
335	27	124
338	41	120
350	23	114
357	28	114
358	29	109
347	36	107
361	48	109
348	68	117
343	74	112
332	84	121
290	91	135
229	120	145
186	116	137
159	101	140
137	79	139
114	72	137
121	61	137
96	45	133
73	22	104
58	-28	96
42	-37	85
57	-48	95
78	-41	109
88	-61	110
121	-109	92
142	-133	81
148	-128	96
236	-108	113
297	-19	137
311	9	141
310	17	138
305	41	129
305	29	138
314	45	131
323	68	126
331	120	118
336	135	99
311	126	121
306	133	128
288	137	128
289	122	138
238	108	147
191	97	147
150	99	151
126	106	140
113	92	133
99	64	129
77	16	123
68	6	118
67	-5	114
64	27	113
49	37	110
52	29	102
58	14	110
65	16	112
82	-20	120
72	-16	114
84	-30	117
95	-14	117
95	-12	128
101	-10	136
113	-1	131
106	-1	140
115	-20	138
126	-34	136
157	-22	147
174	-35	144
183	-23	150
180	-27	156
183	-23	155
198	-34	151
194	-24	154
183	-7	150
167	-5	148
180	3	149
174	-7	157
193	-5	152
194	-15	154
184	-24	147
184	-29	149
186	-21	150
194	-17	149
181	2	157
99	3	131
86	16	128
80	15	124
81	14	114
52	24	120
44	30	103
23	37	87
26	35	83
37	30	90
43	90	95
79	165	87
96	162	89
97	177	99
133	201	102
148	198	94
216	198	96
254	173	118
255	165	123
240	155	115
240	164	124
193	170	114
196	180	122
267	161	123
285	147	123
292	133	112
295	121	126
284	106	145
270	106	136
284	125	129
259	92	138
248	49	141
238	17	158
244	0	144
244	0	148
246	-14	148
245	-13	140
274	-19	137
266	-34	122
281	-121	87
274	-151	63
276	-161	31
288	-182	29
282	-166	41
280	-141	73
289	-71	120
289	8	127
287	64	145
283	88	137
296	87	136
296	73	138
289	57	142
276	44	139
258	33	148
251	35	150
241	35	150
219	38	151
211	49	146
193	77	150
186	93	144
176	88	141
180	73	142
168	57	145
169	49	148
165	33	148
166	20	142
167	5	144
169	-2	141
182	-3	145
187	13	151
210	6	151
230	7	155
258	26	148
261	24	142
267	37	144
246	37	148
248	42	155
255	112	141
255	112	141
239	158	121
202	179	112
171	190	111
131	206	93
115	185	100
126	183	100
136	192	98
142	189	103
146	179	112
155	163	110
168	173	109
186	168	128
189	176	109
217	169	118
236	164	124
231	155	118
261	159	127
265	161	123
302	142	119
306	107	123
310	83	133
309	74	126
309	58	139
313	51	130
314	22	136
318	-9	128
325	-35	110
303	-64	120
300	-80	115
270	-85	107
270	-99	104
254	-101	107
236	-92	115
245	-108	109
233	-108	113
202	-91	117
196	-73	122
171	-59	129
152	-38	131
126	-15	136
116	9	128
107	28	117
111	30	126
119	55	127
140	66	138
145	69	136
122	80	140
126	97	131
136	127	124
146	140	119
142	161	112
144	186	96
142	210	92
175	211	93
202	233	78
223	212	87
245	232	77
232	237	74
238	211	86
227	196	103
222	185	98
254	201	95
273	183	93
324	176	102
340	150	91
357	102	92
360	88	96
343	70	110
327	33	114
305	27	120
303	3	124
283	-14	119
269	0	135
278	2	137
284	-24	127
294	-8	120
311	-21	110
303	-27	120
302	-47	117
282	-76	122
249	-76	122
225	-63	123
234	-68	119
230	-65	121
202	-58	119
212	-62	118
196	-71	122
189	-38	129
182	-22	138
173	15	136
154	52	136
154	27	138
143	-8	133
190	-77	121
345	-31	100
369	9	105
357	49	99
267	119	137
239	107	139
218	133	135
190	163	105
118	168	108
87	136	107
92	150	111
92	132	118
109	154	110
109	123	112
57	92	93
17	22	71
14	-35	70
49	-123	47
90	-156	18
104	-179	27
123	-168	34
131	-171	46
158	-186	20
148	-177	22
148	-191	11
137	-210	-20
135	-189	-11
136	-190	-6
133	-192	-1
143	-183	10
144	-184	22
138	-173	50
169	-158	65
166	-169	48
125	-172	22
122	-178	3
113	-169	26
148	-179	27
193	-193	31
217	-180	48
219	-180	44
270	-166	44
316	-137	54
341	-98	72
362	-51	78
376	-2	96
352	52	104
326	69	127
307	87	124
299	93	132
291	94	133
284	92	136
295	95	135
290	79	132
303	73	145
300	71	133
314	64	136
316	42	135
310	66	124
309	58	141
302	68	132
295	72	139
302	58	137
324	43	127
290	28	144
282	22	142
287	17	145
295	23	144
299	2	132
280	-10	133
278	-7	144
268	3	142
246	-14	137
234	-16	144
220	-28	137
207	-51	130
220	-77	123
239	-79	135
220	-70	126
188	-79	123
160	-95	103
146	-102	108
111	-65	110
73	-45	104
55	-41	89
48	-36	89
80	-29	111
117	-52	118
165	-105	110
275	-94	127
314	-85	100
326	-76	93
342	-29	104
334	16	110
327	40	130
311	74	123
294	125	131
282	122	129
268	136	122
256	169	109
261	173	118
267	168	117
259	169	113
240	159	122
240	159	122
233	150	115
291	159	118
303	152	113
327	142	105
348	107	108
365	69	98
364	28	110
347	6	111
343	-14	103
333	-43	102
263	-101	107
218	-109	103
204	-105	105
183	-107	108
169	-86	101
144	-86	105
118	-70	114
93	-37	114
87	-10	118
80	29	118
93	54	123
108	73	118
106	94	124
107	100	128
118	112	117
136	122	127
126	139	131
124	132	122
103	129	115
67	88	103
57	52	107
52	29	104
58	12	94
70	-30	101
94	-52	111
155	-100	99
209	-93	119
241	-70	132
275	-34	133
283	-9	139
307	15	120
288	42	148
267	65	150
265	81	157
263	90	151
249	87	140
